Point(100000) = {0.0, -0.035, -0.035, 1.0};
Point(100001) = {0.0, -0.035, 0.0, 1.0};
Point(100002) = {0.0, -0.035, 0.035, 1.0};
Point(100003) = {0.0, -0.011666666666666669, -0.035, 1.0};
Point(100004) = {0.0, -0.011666666666666669, 0.0, 1.0};
Point(100005) = {0.0, -0.011666666666666669, 0.035, 1.0};
Point(100006) = {0.0, 0.011666666666666665, -0.035, 1.0};
Point(100007) = {0.0, 0.011666666666666665, 0.0, 1.0};
Point(100008) = {0.0, 0.011666666666666665, 0.035, 1.0};
Point(100009) = {0.0, 0.035, -0.035, 1.0};
Point(100010) = {0.0, 0.035, 0.0, 1.0};
Point(100011) = {0.0, 0.035, 0.035, 1.0};
Point(100012) = {0.0, -0.035, -0.035, 1.0};
Point(100013) = {0.0, -0.035, 0.0, 1.0};
Point(100014) = {0.0, -0.035, 0.035, 1.0};
Point(100015) = {0.0, -0.011666666666666669, -0.035, 1.0};
Point(100016) = {0.0, -0.011666666666666669, 0.0, 1.0};
Point(100017) = {0.0, -0.011666666666666669, 0.035, 1.0};
Point(100018) = {0.0, 0.011666666666666665, -0.035, 1.0};
Point(100019) = {0.0, 0.011666666666666665, 0.0, 1.0};
Point(100020) = {0.0, 0.011666666666666665, 0.035, 1.0};
Point(100021) = {0.0, 0.035, -0.035, 1.0};
Point(100022) = {0.0, 0.035, 0.0, 1.0};
Point(100023) = {0.0, 0.035, 0.035, 1.0};
Point(100024) = {0.0, -0.035, -0.035, 1.0};
Point(100025) = {0.0, -0.035, 0.0, 1.0};
Point(100026) = {0.0, -0.035, 0.035, 1.0};
Point(100027) = {0.0, -0.011666666666666669, -0.035, 1.0};
Point(100028) = {0.0, -0.011666666666666669, 0.0, 1.0};
Point(100029) = {0.0, -0.011666666666666669, 0.035, 1.0};
Point(100030) = {0.0, 0.011666666666666665, -0.035, 1.0};
Point(100031) = {0.0, 0.011666666666666665, 0.0, 1.0};
Point(100032) = {0.0, 0.011666666666666665, 0.035, 1.0};
Point(100033) = {0.0, 0.035, -0.035, 1.0};
Point(100034) = {0.0, 0.035, 0.0, 1.0};
Point(100035) = {0.0, 0.035, 0.035, 1.0};
Point(100036) = {0.0, -0.035, -0.035, 1.0};
Point(100037) = {0.0, -0.035, 0.0, 1.0};
Point(100038) = {0.0, -0.035, 0.035, 1.0};
Point(100039) = {0.0, -0.011666666666666669, -0.035, 1.0};
Point(100040) = {0.0, -0.011666666666666669, 0.0, 1.0};
Point(100041) = {0.0, -0.011666666666666669, 0.035, 1.0};
Point(100042) = {0.0, 0.011666666666666665, -0.035, 1.0};
Point(100043) = {0.0, 0.011666666666666665, 0.0, 1.0};
Point(100044) = {0.0, 0.011666666666666665, 0.035, 1.0};
Point(100045) = {0.0, 0.035, -0.035, 1.0};
Point(100046) = {0.0, 0.035, 0.0, 1.0};
Point(100047) = {0.0, 0.035, 0.035, 1.0};


Line(100000) = {100000, 100003};
Line(100001) = {100003, 100006};
Line(100002) = {100006, 100009};
Line(100003) = {100001, 100004};
Line(100004) = {100004, 100007};
Line(100005) = {100007, 100010};
Line(100006) = {100002, 100005};
Line(100007) = {100005, 100008};
Line(100008) = {100008, 100011};


Line(200000) = {100000, 100001};
Line(200001) = {100001, 100002};
Line(200002) = {100003, 100004};
Line(200003) = {100004, 100005};
Line(200004) = {100006, 100007};
Line(200005) = {100007, 100008};
Line(200006) = {100009, 100010};
Line(200007) = {100010, 100011};


Line Loop(300000) = {100000, -200002, -100003, -200000};
Surface(300001) = {300000};
Line Loop(300002) = {100001, -200004, -100004, -200002};
Surface(300003) = {300002};
Line Loop(300004) = {100002, -200006, -100005, -200004};
Surface(300005) = {300004};
Line Loop(300006) = {100003, -200003, -100006, -200001};
Surface(300007) = {300006};
Line Loop(300008) = {100004, -200005, -100007, -200003};
Surface(300009) = {300008};
Line Loop(300010) = {100005, -200007, -100008, -200005};
Surface(300011) = {300010};
